Macierz A:

                  10                   1                   1                   1                   2
                   3                  20                   4                   2                   1
                   5                   1                  40                   9                   5
                   3                   0                   1                  10                   1
                   6                   2                   1                   1                  20


----------------------------------------------------------
Wektor B:

                  15                  30                  60                  15                  30

----------------------------------------------------------
Macierz L:

                   1                   0                   0                   0                   0
                 0.3                   1                   0                   0                   0
                 0.5           0.0253807                   1                   0                   0
                 0.3          -0.0152284           0.0191936                   1                   0
                 0.6            0.071066          0.00347804           0.0261173                   1


----------------------------------------------------------
Macierz U:

                  10                   1                   1                   1                   2
                   0                19.7                 3.7                 1.7                 0.4
                   0                   0             39.4061             8.45685             3.98985
                   0                   0                   0             9.56357            0.329512
                   0                   0                   0                   0             18.7491


----------------------------------------------------------
Wektor Y:

     1.500000000e+01     2.550000000e+01     5.185279188e+01     9.893082571e+00     1.874909081e+01

----------------------------------------------------------
Wektor X:

     1.000000000e+00     1.000000000e+00     1.000000000e+00     1.000000000e+00     1.000000000e+00