Macierz A:

             10.0001                   2                   3                   1                   4
                  13                  20                   2                   2                   3
                   5                  11                  40                   9                  15
                   3                   2                   5                  10                   0
                  10                   2                   3                   1                   4


----------------------------------------------------------
Wektor B:

             20.0001                  40                  80                  20                  20

----------------------------------------------------------
Macierz L:

                   1                   0                   0                   0                   0
             1.29999                   1                   0                   0                   0
            0.499995            0.574712                   1                   0                   0
            0.299997             0.08046            0.107418                   1                   0
             0.99999         1.14941e-06         8.12881e-07         2.97798e-07                   1


----------------------------------------------------------
Macierz U:

             10.0001                   2                   3                   1                   4
                   0                17.4            -1.89996            0.700013            -2.19995
                   0                   0             39.5919              8.0977             14.2644
                   0                   0                   0             8.77384            -2.55523
                   0                   0                   0                   0          3.1694e-05


----------------------------------------------------------
Wektor Y:

     2.000010000e+01     1.400013000e+01     6.195400225e+01     6.218616823e+00     3.169396355e-05

----------------------------------------------------------
Wektor X:

     1.000000000e+00     1.000000000e+00     1.000000000e+00     1.000000000e+00     1.000000000e+00